128
128
-9999
16 57 33 21 87 76 15 37 29 63 38 28 66 23 100 25 89 11 30 58 87 49 74 21 33 14 69 95 74 74 18 37 56 92 34 58 17 13 90 13 41 76 87 88 89 23 13 65 67 89 73 34 79 99 64 31 60 74 76 90 65 55 58 42 78 85 26 49 85 13 41 65 13 41 87 36 79 40 72 82 91 18 93 20 79 41 88 87 95 78 49 48 100 68 38 62 69 71 90 10 72 72 34 25 31 38 31 29 90 94 51 97 33 99 62 75 59 13 40 95 79 30 96 16 16 34 47 11
13 100 49 32 72 70 97 26 60 31 22 78 66 37 20 66 85 94 79 11 31 64 87 57 64 31 58 85 89 89 72 64 93 73 12 67 92 28 51 87 70 86 31 47 45 24 83 23 87 13 57 60 87 74 20 52 38 97 26 85 87 45 76 67 87 68 31 47 94 82 46 41 86 14 70 48 94 23 22 37 41 99 85 10 61 26 90 70 39 82 94 43 55 10 95 30 32 13 28 26 96 49 52 17 40 54 100 93 67 20 96 92 93 55 69 61 87 90 66 63 94 61 80 70 20 70 48 94
84 56 34 20 36 23 29 45 53 60 22 72 94 74 53 70 51 18 53 20 78 60 62 59 90 89 59 13 79 14 27 23 14 51 20 81 24 36 24 81 84 32 15 76 27 91 24 28 81 45 78 65 76 10 23 68 80 25 42 72 22 16 35 32 73 45 19 42 59 17 59 77 70 49 82 44 26 95 77 67 91 32 23 24 23 13 19 70 37 38 61 61 58 62 93 76 38 10 38 39 36 60 32 10 73 50 92 92 47 89 70 78 34 25 12 23 67 84 41 85 11 31 94 59 31 47 59 33
10 72 16 23 79 15 10 45 47 24 57 82 61 22 61 37 15 64 96 53 56 12 52 86 28 46 71 40 16 92 52 93 75 21 57 33 52 35 53 98 24 58 93 73 95 42 78 98 80 74 18 43 33 32 100 27 76 29 18 35 98 68 45 51 40 91 97 67 87 59 92 37 16 73 47 15 59 55 15 66 32 57 69 55 94 70 52 13 95 85 98 79 90 45 81 20 32 82 19 39 30 81 52 58 97 67 54 10 76 11 20 86 24 57 39 95 25 74 80 82 62 55 27 96 25 75 55 62
59 55 21 91 67 68 14 45 16 16 50 16 97 99 75 99 22 93 20 73 64 79 98 54 81 86 57 33 100 30 77 81 35 37 10 89 87 34 92 96 34 79 87 86 51 78 52 21 21 42 89 14 23 47 61 25 61 78 23 14 17 33 20 65 13 91 57 96 27 66 21 81 62 89 23 44 29 40 24 40 12 22 31 94 18 63 45 27 23 17 27 22 43 30 20 71 11 97 17 94 54 81 82 19 84 11 53 46 59 83 88 27 41 46 39 58 12 13 16 31 48 88 28 79 54 77 47 39
81 80 68 79 19 59 23 36 77 25 51 80 29 42 56 10 87 21 93 36 49 60 89 100 94 22 51 99 22 71 41 94 12 14 80 94 63 27 72 65 72 86 32 48 13 56 41 66 99 76 100 62 45 84 66 49 34 33 73 65 94 11 27 69 72 71 29 12 31 20 44 31 21 82 40 72 61 72 42 46 84 94 97 62 22 76 93 96 20 93 100 36 90 82 14 92 91 62 29 72 41 63 17 13 60 51 89 85 93 84 87 29 88 60 95 18 67 30 82 57 34 84 65 33 94 57 37 70
91 92 44 89 22 40 47 29 35 14 22 64 46 99 60 46 61 47 100 19 96 91 35 93 100 78 73 68 39 65 45 67 24 60 91 42 90 54 92 58 28 17 44 22 20 79 49 65 77 51 87 67 93 42 31 32 77 38 44 14 80 34 34 30 70 43 22 63 75 65 55 92 47 61 88 85 98 11 71 78 31 43 97 36 83 67 79 38 31 50 53 80 77 94 79 38 27 92 85 96 82 40 41 73 93 32 100 92 10 67 90 29 17 16 58 38 68 17 95 27 72 70 11 76 15 100 17 26
58 70 82 34 92 49 91 95 45 72 60 47 30 49 90 86 42 69 13 95 40 74 87 57 38 81 63 56 17 65 39 43 84 100 34 60 23 28 13 39 36 82 26 18 99 45 64 51 47 33 19 95 76 63 48 29 51 35 42 75 98 68 40 43 26 72 83 20 49 23 60 54 60 76 35 45 93 70 73 95 11 47 43 63 88 61 47 74 71 53 95 92 100 28 73 18 82 52 86 28 11 29 27 65 84 78 41 68 54 56 70 11 58 10 48 92 60 16 61 52 54 22 92 21 11 56 12 65
29 65 23 68 65 11 22 23 81 72 79 35 49 93 32 19 91 38 23 96 30 79 60 71 77 58 32 88 49 55 45 47 96 18 56 11 45 38 84 20 24 52 13 91 96 79 69 54 13 61 16 65 52 56 56 64 78 29 44 47 25 45 90 27 50 97 40 65 73 96 99 29 62 15 98 36 26 38 62 75 26 17 45 44 59 93 11 47 47 92 54 55 57 58 30 69 90 43 94 11 45 58 40 47 53 33 42 18 40 72 50 42 38 82 91 51 46 88 85 99 66 57 43 44 37 39 34 15
96 18 40 50 57 61 42 100 34 91 17 93 55 36 52 29 32 75 75 33 96 68 57 21 59 14 79 20 72 92 60 87 56 24 13 75 94 32 41 15 22 68 80 87 16 33 77 51 26 93 68 11 56 16 53 18 56 11 49 96 92 22 65 80 64 47 35 13 19 57 86 37 99 78 71 54 74 93 94 36 29 51 80 99 97 24 39 16 45 77 60 41 45 79 76 91 79 74 27 38 33 85 44 84 40 16 31 56 78 76 99 22 45 87 85 89 52 57 89 97 68 12 13 95 44 16 87 87
20 31 28 34 25 23 26 93 88 92 18 27 31 87 82 10 15 95 83 10 75 42 35 15 21 80 31 18 70 76 57 40 55 23 28 26 16 52 88 97 11 39 20 59 97 66 39 42 11 11 98 19 39 98 90 99 14 23 55 23 10 12 21 38 37 70 46 99 55 54 31 64 72 97 93 74 72 39 49 30 26 37 86 95 77 14 87 73 10 28 59 55 21 84 23 84 30 67 23 97 32 14 10 33 54 48 27 46 91 100 45 24 42 92 51 98 43 19 60 62 33 59 57 23 37 100 24 36
32 70 39 51 71 45 90 62 64 31 77 98 76 66 48 76 29 74 29 72 53 52 45 23 55 99 24 46 62 96 33 55 65 84 24 55 61 32 86 48 84 25 33 100 76 42 66 30 67 80 48 15 64 79 47 50 65 97 16 14 96 19 22 34 78 20 34 74 52 27 55 29 16 99 24 10 58 96 36 13 84 96 79 64 52 29 61 30 29 72 67 77 66 77 96 26 42 80 15 95 60 54 50 11 52 77 60 42 28 82 93 46 37 32 36 47 52 54 35 77 65 20 94 60 14 96 79 47
85 93 90 77 66 56 97 37 84 13 16 72 65 50 100 53 99 33 25 69 52 80 48 12 88 88 83 11 22 60 91 25 76 92 27 29 64 82 91 21 96 42 20 39 69 39 59 53 70 81 15 42 27 18 42 66 24 19 80 48 100 90 77 62 52 95 47 30 50 38 99 44 65 73 55 25 31 60 76 50 74 34 65 43 91 37 19 90 98 90 78 54 50 20 69 74 21 23 41 89 20 68 52 53 43 63 74 14 74 83 49 18 10 12 39 77 62 73 23 24 77 33 65 94 79 47 41 78
68 85 40 23 76 43 39 98 65 11 65 78 68 58 32 82 91 91 77 89 71 25 93 16 91 39 20 12 42 83 46 79 68 39 82 73 13 24 31 87 43 95 10 51 17 31 34 37 59 66 54 84 97 89 98 78 68 30 26 30 76 58 86 18 69 12 77 70 93 25 98 66 46 65 75 57 75 30 85 36 43 99 79 43 32 35 75 25 18 85 46 92 99 11 81 47 90 81 80 77 26 89 46 90 77 30 70 26 56 29 15 78 64 13 51 47 36 19 94 75 28 37 17 33 87 11 18 24
47 18 88 60 67 34 38 73 31 29 41 82 61 49 15 97 14 67 39 31 92 34 18 99 61 55 21 84 58 38 90 59 10 62 50 55 67 11 40 26 42 63 46 100 92 64 88 89 31 38 42 88 99 59 93 56 92 31 13 37 50 26 29 51 28 71 58 14 83 57 47 71 86 40 80 61 39 25 50 71 81 90 53 91 98 95 46 82 77 20 94 13 95 55 74 81 78 56 60 53 47 30 79 64 77 49 85 69 49 54 94 12 13 27 81 95 49 69 75 43 56 100 19 44 92 83 36 29
73 44 88 93 59 73 43 33 68 77 20 36 55 74 43 31 63 18 46 17 66 71 24 93 57 77 27 53 65 79 67 68 50 99 93 86 16 72 47 21 80 70 87 60 16 76 34 30 44 38 63 80 63 35 90 15 82 93 20 48 13 82 56 61 61 58 89 100 24 54 15 59 67 45 89 22 49 18 38 58 42 100 13 85 73 79 23 60 29 25 43 50 39 100 87 44 69 56 83 65 30 48 71 47 37 12 71 64 34 17 54 13 93 70 87 67 72 76 93 56 76 33 49 64 46 79 32 66
30 47 69 31 61 14 36 25 12 98 47 43 50 30 95 51 31 84 14 94 28 50 56 62 60 39 69 29 73 21 72 83 27 26 69 98 58 10 26 23 37 33 92 26 15 31 36 28 13 30 62 92 62 23 42 50 25 57 21 99 47 60 48 71 47 83 69 31 86 72 38 61 78 59 54 37 76 83 96 37 41 95 98 85 90 44 59 58 100 20 35 18 42 46 79 63 26 57 54 94 32 77 28 51 76 50 65 86 89 22 17 92 62 82 81 24 60 88 90 17 57 20 67 98 29 29 86 90
73 51 49 26 44 53 70 78 90 91 78 56 59 67 92 59 87 20 48 79 38 49 24 74 34 74 47 73 54 74 50 75 20 86 80 69 87 97 72 15 22 92 46 24 63 88 63 35 42 92 92 51 72 50 38 83 22 80 73 60 92 84 83 57 75 14 52 41 63 33 13 77 86 31 25 41 77 33 23 98 29 64 85 94 97 85 42 79 17 51 84 55 98 57 45 99 58 94 66 80 45 77 98 35 78 26 42 65 44 76 54 49 83 50 51 56 75 24 79 45 70 74 18 88 99 88 12 90
49 42 94 41 35 65 70 62 44 10 47 64 56 13 13 50 13 73 14 60 33 33 41 27 62 61 37 94 80 21 14 50 45 92 44 28 56 61 34 67 99 19 73 43 73 41 100 56 97 78 77 69 88 17 19 62 10 82 53 61 47 10 39 70 63 13 62 56 22 68 82 44 91 81 72 83 43 62 84 76 26 30 51 28 47 45 59 23 14 39 46 23 53 60 65 84 54 82 83 78 44 45 97 83 71 30 73 16 44 81 25 40 54 39 27 25 24 64 76 79 97 60 96 75 22 25 45 19
69 92 73 57 65 20 53 90 42 16 47 37 39 77 48 74 79 96 81 25 38 50 14 70 95 23 70 26 13 43 92 34 44 89 81 83 56 11 34 76 14 10 86 74 86 18 32 95 89 27 12 94 18 49 96 46 91 37 90 35 17 88 90 51 68 35 58 26 60 25 73 25 14 49 52 70 76 15 59 45 90 46 98 90 31 25 77 99 12 80 56 45 63 67 21 46 40 10 100 15 62 34 26 46 97 14 48 70 77 94 29 59 62 78 80 81 28 38 19 40 81 59 34 72 79 56 84 22
12 100 18 92 41 20 55 17 100 90 58 34 60 85 52 24 65 33 38 37 40 65 97 36 37 46 25 90 76 44 47 28 54 36 60 20 44 56 54 94 10 98 16 40 15 56 15 74 62 64 60 70 55 29 23 99 51 59 60 58 11 64 90 55 54 47 29 62 68 34 95 80 84 97 36 55 76 25 45 17 78 50 27 40 30 11 12 65 64 93 43 24 36 45 55 94 36 26 68 58 76 42 51 93 22 74 41 78 30 71 44 34 14 93 56 81 86 97 80 44 48 27 33 73 48 17 96 36
16 70 27 54 91 80 34 88 14 98 26 58 56 29 97 43 47 87 35 60 26 81 13 22 90 36 24 26 34 25 15 67 39 74 83 87 69 24 38 77 22 55 66 15 10 31 98 32 19 91 86 54 50 56 42 36 61 38 19 63 52 22 18 90 87 98 92 71 19 40 44 56 62 68 90 70 47 75 85 91 30 53 96 39 60 70 70 81 70 77 17 26 28 71 82 44 48 80 96 34 81 59 28 74 94 38 24 43 78 29 68 14 44 54 33 88 15 61 54 80 98 30 63 32 35 54 88 59
78 21 23 12 43 63 84 85 99 47 61 56 50 54 48 18 29 85 56 91 42 60 41 49 97 71 57 82 30 41 85 63 10 54 31 17 95 28 67 51 15 23 28 37 37 45 73 40 93 78 52 49 73 48 31 89 45 25 32 65 87 59 76 79 92 20 14 52 25 37 36 68 32 44 23 44 47 19 34 25 57 83 50 29 35 25 76 60 53 93 70 64 82 43 48 76 84 100 75 68 42 29 75 65 60 82 55 70 57 10 68 69 74 33 59 65 52 27 98 98 84 16 23 52 64 38 61 93
92 32 39 58 85 25 48 12 95 68 11 10 16 20 96 93 11 65 55 82 39 17 66 84 88 72 97 23 64 66 95 80 34 17 25 32 63 79 45 40 26 41 59 72 17 68 27 11 92 56 85 81 59 98 89 31 92 16 11 39 13 64 84 59 65 62 33 67 16 40 90 62 85 85 39 45 10 97 71 10 66 40 35 46 28 98 85 22 40 25 64 54 35 78 62 92 30 88 89 25 71 94 22 87 36 32 93 61 69 55 37 85 56 88 27 32 18 27 23 10 81 10 78 20 44 11 66 18
85 78 70 22 87 33 89 31 34 41 28 17 36 10 53 23 52 42 41 57 92 100 83 93 70 74 50 46 62 85 40 66 65 41 53 99 49 10 95 38 41 36 55 45 51 33 11 49 99 16 85 83 32 14 53 55 97 25 38 43 42 36 31 77 82 50 26 75 53 70 79 44 24 48 52 85 10 47 32 26 30 99 45 70 35 84 51 12 18 29 20 72 99 85 45 25 49 40 87 91 45 88 20 99 95 75 37 64 54 30 92 42 45 89 54 49 26 90 100 98 27 29 40 88 67 71 73 77
52 42 98 10 45 25 57 43 52 72 18 95 27 59 25 40 40 70 40 26 72 13 67 65 36 47 71 17 81 88 98 32 42 68 85 61 64 46 73 21 42 31 95 32 50 44 92 90 94 92 74 74 12 39 49 67 29 84 75 65 40 10 24 46 27 63 76 10 81 40 42 17 60 56 85 90 85 36 48 94 54 71 77 33 78 58 25 14 68 97 70 17 97 86 41 26 73 78 99 37 58 79 73 14 88 58 94 32 39 12 24 86 75 27 75 96 46 76 75 29 22 57 52 55 74 88 15 48
33 45 47 71 16 84 15 41 73 72 18 14 49 85 88 80 36 75 13 91 92 90 49 74 85 76 77 16 62 85 54 88 42 99 88 21 33 24 63 55 32 15 11 29 51 58 64 60 77 32 79 65 50 53 50 81 26 25 47 63 96 25 36 82 26 48 22 11 28 71 42 83 56 73 42 51 74 34 91 48 56 25 68 48 56 74 27 24 30 12 94 25 86 64 52 25 33 39 14 93 96 35 42 47 77 39 16 42 43 62 22 52 14 80 45 88 56 18 15 57 10 56 48 44 13 25 14 79
50 83 65 78 57 12 73 63 69 98 56 86 20 10 95 32 57 77 69 55 33 100 31 25 93 15 16 42 60 86 84 71 95 36 58 76 47 81 16 51 82 66 89 20 50 88 33 97 63 80 15 81 48 51 96 85 63 18 40 31 52 23 84 78 92 12 74 60 37 67 68 60 35 33 77 85 82 100 80 52 47 57 76 46 13 56 91 89 56 92 93 41 39 25 45 97 43 97 64 21 28 91 34 56 75 99 98 35 24 86 39 29 97 15 83 68 82 31 40 13 17 82 35 50 82 64 73 15
77 96 27 91 52 85 85 16 98 68 18 77 48 46 51 32 18 55 74 18 60 71 38 98 36 40 71 58 70 11 94 24 12 63 58 14 51 78 53 30 61 47 44 41 39 95 77 21 70 29 20 44 43 92 30 95 16 89 90 80 89 96 14 12 34 86 81 54 80 14 75 64 40 32 26 68 87 78 78 86 68 22 32 32 50 22 55 84 94 53 52 60 72 38 79 36 95 56 83 53 75 14 56 66 68 98 65 46 76 11 15 92 90 92 96 60 91 40 90 64 56 29 12 74 16 14 74 26
36 72 15 18 36 84 57 83 33 91 47 84 50 29 18 65 44 91 31 93 58 54 72 96 93 89 82 19 61 14 91 97 46 83 96 65 98 49 91 47 81 63 52 32 38 71 37 16 44 100 27 95 16 20 36 81 67 58 67 30 80 75 39 12 97 27 73 89 63 35 66 87 16 27 30 80 76 94 21 27 13 21 91 18 57 17 67 41 68 85 99 32 42 32 72 29 29 71 37 43 14 42 43 27 94 28 55 58 72 50 82 72 87 45 79 84 82 89 38 50 21 60 22 35 89 26 44 69
53 55 87 90 71 90 90 58 98 15 22 21 89 75 56 96 58 97 50 32 19 10 25 21 86 93 19 30 16 78 78 73 21 33 64 66 82 68 70 92 99 52 43 37 49 74 45 53 31 94 49 93 74 78 48 53 55 15 67 38 16 83 51 81 63 50 78 64 17 55 39 60 41 96 41 36 49 55 31 78 53 32 78 78 81 33 57 30 56 19 63 77 82 69 43 14 32 92 17 92 36 99 31 87 16 48 61 93 60 85 54 16 96 97 89 22 95 53 94 45 51 57 38 51 55 32 69 65
84 78 18 71 71 40 35 59 47 70 63 72 48 86 88 33 56 79 21 78 30 54 58 12 89 87 61 13 48 95 38 76 98 19 32 90 43 52 59 68 32 14 29 78 66 35 54 59 36 74 19 45 67 21 78 84 46 81 64 75 20 92 15 81 73 96 55 46 31 34 71 37 18 24 75 27 75 21 66 19 75 49 92 85 21 79 88 35 37 31 26 87 46 17 97 93 13 34 53 28 57 34 98 64 71 98 58 63 37 33 100 26 46 41 41 98 32 85 66 27 64 88 88 81 82 58 21 24
68 92 82 24 61 27 32 52 30 10 75 66 87 31 69 36 79 80 43 34 60 66 26 91 34 39 83 53 60 12 49 97 33 43 71 95 10 18 57 23 43 69 15 40 52 28 75 20 73 100 78 83 97 78 37 38 27 28 80 74 87 96 60 52 83 97 23 77 57 79 44 69 66 83 75 63 58 24 94 17 66 22 27 52 82 92 80 69 76 70 58 93 72 65 100 26 26 37 46 63 71 93 93 49 71 85 79 13 44 56 79 81 87 97 43 90 90 58 55 30 96 84 40 20 61 87 73 80
67 89 59 37 96 90 15 97 39 95 27 56 73 52 76 75 84 40 27 45 80 51 59 10 89 67 36 63 98 15 19 50 51 20 91 46 76 90 54 17 70 93 100 60 73 29 72 89 100 43 86 44 63 94 74 48 27 41 68 70 92 10 75 35 26 96 80 73 69 79 51 17 91 85 90 32 88 13 79 40 73 15 23 25 26 94 72 25 19 65 67 99 84 29 48 16 84 51 97 29 94 56 75 41 57 86 24 56 81 94 46 76 52 28 58 30 28 46 83 73 99 59 39 50 55 57 89 60
80 96 57 52 52 20 92 46 69 10 67 96 96 36 60 21 50 21 89 14 34 44 57 89 77 50 51 94 68 77 56 28 33 10 16 58 63 53 16 94 51 60 100 87 83 67 35 85 81 92 56 88 18 31 25 56 57 61 99 38 26 35 90 28 29 30 60 12 27 16 32 99 41 63 79 27 67 91 27 76 59 20 15 20 71 31 77 32 12 80 45 94 25 49 29 90 62 48 47 38 68 77 68 43 16 66 71 20 20 83 85 72 37 86 34 77 99 69 20 15 31 58 46 62 100 36 86 97
75 72 47 77 44 22 79 19 46 58 15 86 42 75 48 96 52 19 76 88 58 91 41 31 22 56 69 82 51 84 35 45 82 68 78 56 75 41 91 78 11 95 89 50 97 80 93 21 10 94 57 80 33 89 53 84 71 46 16 50 76 25 79 51 73 46 73 67 35 35 58 13 43 91 97 39 56 61 64 64 33 63 68 41 71 62 11 24 19 99 60 89 23 99 37 71 10 82 82 31 34 23 43 39 77 78 99 44 79 74 86 18 10 44 67 64 100 12 31 84 100 61 62 18 15 81 57 56
45 99 19 41 68 17 45 23 27 17 80 27 60 20 80 85 88 85 77 44 12 45 75 29 15 58 53 79 97 29 91 100 67 68 55 56 30 50 10 24 12 85 82 55 96 51 72 24 28 70 47 54 40 28 85 72 28 18 60 95 65 49 98 50 17 77 41 52 44 100 52 41 82 34 55 88 87 51 12 31 16 67 99 92 17 27 50 42 69 85 10 39 35 14 43 17 98 89 73 51 64 91 31 93 73 38 69 47 46 28 91 51 44 54 78 56 60 97 52 98 43 99 27 67 99 68 44 46
83 99 56 48 61 46 61 74 74 19 59 99 58 75 55 76 70 49 34 70 91 92 64 38 13 63 86 20 38 47 64 72 55 96 59 25 37 100 87 55 11 99 66 59 93 30 21 88 53 99 72 74 45 38 15 31 90 53 38 43 59 72 96 38 12 100 68 14 37 36 44 21 48 26 52 64 14 76 29 58 92 31 28 60 34 100 65 74 46 57 86 70 100 17 12 28 30 52 43 31 30 97 13 49 56 83 75 82 24 18 28 76 55 13 88 99 49 70 18 41 86 97 83 13 19 93 77 61
52 90 65 72 51 27 75 56 32 32 24 88 87 61 12 51 87 60 24 25 36 17 21 50 50 84 24 80 59 68 62 71 39 82 20 27 100 61 88 62 99 52 87 74 19 52 31 46 37 80 71 92 100 79 78 49 64 18 60 73 46 77 36 99 18 47 64 45 14 83 59 94 37 95 30 88 56 65 26 48 50 17 80 43 47 30 46 40 87 60 41 74 71 100 89 87 13 60 91 77 83 16 23 96 61 23 90 76 34 65 69 25 67 48 93 38 51 58 75 99 21 95 81 41 94 77 63 24
47 13 57 98 69 53 20 56 51 11 86 76 30 85 30 32 91 18 12 83 16 11 25 66 50 77 21 13 60 78 72 58 84 42 31 97 50 28 46 53 47 85 36 30 58 52 43 25 43 71 99 73 36 20 23 82 36 66 35 89 60 17 44 48 11 90 75 73 15 87 24 98 55 64 97 44 82 80 86 32 90 89 73 19 90 58 97 26 24 96 11 67 24 40 22 38 78 42 94 67 24 33 25 60 13 49 63 69 24 84 81 74 31 43 86 69 77 42 73 48 36 59 53 54 36 41 78 12
84 35 14 47 43 40 41 36 76 36 74 64 41 38 37 84 15 66 74 17 34 84 83 94 85 16 99 97 22 60 61 59 50 20 77 72 63 99 24 76 26 56 30 35 41 58 27 12 88 58 69 80 15 27 29 24 78 23 36 95 59 62 10 42 69 58 68 53 10 73 72 48 33 27 22 87 65 12 84 78 29 19 38 100 44 41 59 12 76 54 55 13 57 99 26 89 62 84 61 44 70 37 79 98 67 39 62 82 95 76 97 65 27 87 55 13 62 51 90 73 35 83 30 75 73 67 81 25
68 21 66 14 98 15 72 31 51 84 95 61 52 73 94 27 35 20 100 91 80 66 30 65 18 87 26 92 14 78 55 25 39 68 60 89 30 74 51 42 37 83 82 69 97 23 86 76 36 62 89 80 21 96 87 85 89 36 100 37 25 12 35 58 35 28 52 20 38 98 96 85 56 99 73 70 27 88 60 79 43 19 70 86 62 39 91 97 94 32 18 21 66 100 81 19 26 69 81 93 38 61 65 84 68 43 40 85 98 54 88 64 35 19 10 44 52 90 79 100 83 64 19 61 30 68 90 31
77 35 67 24 74 35 83 90 22 20 87 73 98 42 56 55 81 22 69 62 92 91 87 42 18 32 84 21 87 64 71 22 20 77 12 72 70 40 22 89 15 88 42 37 43 91 77 68 87 20 68 67 57 83 88 93 20 67 17 33 45 46 16 66 17 48 100 65 66 94 80 98 35 36 20 18 85 78 13 75 44 40 68 63 16 65 82 20 99 80 19 83 96 40 84 72 95 27 93 96 46 44 96 56 59 74 90 62 92 69 53 82 11 88 38 85 31 17 36 84 82 80 53 64 96 74 22 12
62 88 90 22 58 83 87 18 13 80 49 20 32 39 53 86 12 64 87 43 70 43 58 85 47 46 25 43 20 56 85 40 98 94 75 94 35 56 93 91 43 30 30 86 83 89 41 21 33 92 36 96 22 73 95 84 12 73 54 76 41 36 67 13 50 39 63 66 27 22 47 50 49 62 16 67 73 42 11 24 37 72 62 28 23 60 51 37 89 21 39 100 98 90 34 22 31 65 88 15 43 80 70 73 45 91 80 84 60 96 96 24 70 47 68 23 84 34 25 86 88 53 87 54 73 67 88 88
25 12 54 11 51 54 79 31 83 71 17 91 92 85 86 86 86 35 54 38 37 80 99 72 20 60 66 46 12 24 40 72 93 78 97 88 86 87 55 43 45 85 11 81 39 69 51 89 86 55 88 90 15 63 57 58 77 66 47 33 33 53 41 17 18 82 31 33 30 65 50 28 29 35 16 20 33 98 38 97 97 42 75 74 36 11 27 65 90 34 20 50 23 71 50 63 45 90 20 89 91 32 87 61 26 25 18 60 88 16 72 56 43 60 83 85 81 54 85 46 36 22 70 55 82 11 74 43
74 84 70 91 69 90 61 83 14 91 38 57 14 31 46 40 37 52 70 28 16 56 28 84 19 42 14 70 39 82 36 97 57 49 73 61 15 71 35 87 78 16 79 19 44 46 54 100 38 81 53 70 68 79 65 92 41 94 80 33 49 29 32 86 45 99 41 86 29 14 41 23 36 97 84 59 22 11 16 30 15 54 86 89 100 32 78 29 66 47 87 10 15 30 67 98 25 42 94 10 91 63 93 29 48 82 50 75 79 80 82 58 27 59 90 25 48 62 26 48 65 48 21 60 40 32 83 47
92 43 56 28 57 65 27 69 76 21 87 76 65 76 47 66 79 34 49 95 40 69 42 80 33 61 69 88 48 82 61 15 41 91 59 89 51 10 100 99 38 31 91 98 57 35 21 99 16 32 18 10 22 36 39 92 58 20 49 41 17 65 13 29 63 42 52 77 61 19 47 20 29 38 15 13 52 75 99 36 13 83 57 95 68 95 87 19 53 87 99 66 15 13 33 54 36 90 82 79 34 24 80 39 83 71 43 62 63 94 42 20 49 66 29 81 28 42 58 76 69 73 69 73 91 79 68 26
82 68 91 43 95 93 43 93 88 18 33 33 42 30 92 61 88 46 54 80 25 62 55 17 70 10 44 43 10 20 94 31 13 21 28 66 37 25 42 83 10 68 52 11 81 72 12 36 97 75 11 10 37 75 28 10 15 13 100 44 30 76 87 45 97 68 88 97 27 95 69 51 26 49 94 92 57 81 84 77 58 53 44 83 39 10 48 67 88 91 99 45 52 94 65 71 94 13 71 85 74 36 18 14 18 74 36 27 22 77 46 43 55 19 65 23 82 58 60 36 99 96 71 80 11 24 14 32
72 63 90 99 57 22 35 37 35 73 54 80 29 83 47 45 71 94 34 12 63 15 70 20 67 66 27 79 24 21 28 71 80 35 39 60 16 73 38 49 71 95 21 59 20 53 31 100 45 82 45 71 54 23 27 93 83 62 35 79 92 92 37 74 74 56 24 88 80 68 53 51 45 44 64 67 41 62 87 85 90 19 53 29 44 67 93 64 62 92 95 79 88 44 97 99 78 35 32 56 34 41 77 47 39 72 15 93 46 99 39 48 89 85 12 58 96 49 15 76 47 53 73 46 34 16 57 41
54 24 27 62 46 33 36 54 26 97 35 37 86 87 52 22 58 46 88 64 85 43 24 89 88 28 35 27 25 74 80 60 78 38 54 38 69 84 63 81 73 17 73 24 12 99 14 32 77 37 60 91 92 96 48 91 36 98 49 70 15 81 83 37 49 82 85 82 83 91 30 81 25 93 24 91 22 43 82 21 49 37 43 74 71 33 89 14 13 30 92 41 33 43 92 18 37 52 62 28 30 46 13 44 90 50 51 37 60 44 55 55 59 42 70 95 86 94 39 75 33 12 77 90 45 66 57 57
92 53 36 26 87 87 71 25 47 11 32 64 70 98 65 39 12 24 100 97 73 73 82 38 32 60 11 67 64 66 53 79 99 77 52 78 37 96 66 95 82 41 92 29 28 47 48 13 39 39 85 94 18 18 55 56 55 79 89 45 66 57 80 67 92 13 60 99 65 35 86 18 35 66 80 72 15 80 14 75 75 41 25 16 84 71 54 25 17 21 66 87 55 28 10 27 71 44 23 60 82 92 99 39 13 40 50 84 47 28 12 11 94 36 44 76 77 58 76 32 84 48 25 23 18 31 34 27
31 22 37 47 33 18 54 26 99 53 95 42 32 83 12 29 85 16 72 72 58 22 69 94 38 56 34 96 11 48 27 25 60 29 29 60 32 34 19 62 74 19 35 97 84 96 58 23 30 54 68 40 59 73 84 16 26 17 75 84 41 40 100 53 78 36 83 80 53 42 26 90 49 97 67 79 22 80 56 69 62 28 40 46 79 49 17 18 36 91 79 10 22 46 49 27 98 55 100 90 40 24 26 93 15 60 28 66 10 85 30 23 72 70 32 18 19 38 82 30 92 51 16 21 51 61 21 44
88 40 30 53 69 85 81 36 11 21 22 56 31 10 73 85 89 86 55 32 27 44 12 26 36 82 38 53 89 95 56 11 13 90 53 71 99 26 86 100 26 93 34 73 66 19 52 80 54 45 77 14 92 81 53 94 94 88 47 56 13 38 62 68 68 65 53 21 50 62 27 85 33 34 54 55 25 91 43 44 55 25 20 52 57 22 11 28 21 86 72 17 38 25 77 69 98 20 75 83 71 38 44 45 10 81 71 35 27 42 23 10 45 98 31 24 35 27 18 94 39 71 60 25 83 88 97 14
96 93 87 61 37 69 78 73 43 92 51 40 85 88 25 95 44 35 50 69 78 88 20 85 25 60 63 65 43 40 79 73 17 23 46 37 16 92 100 87 41 95 65 25 69 17 70 33 80 96 36 63 93 49 31 90 94 23 25 57 20 65 72 69 59 72 46 57 59 31 20 11 96 82 29 22 31 84 31 17 64 36 12 88 96 79 90 59 56 86 22 99 70 65 79 80 34 57 69 19 89 97 10 21 54 75 80 37 52 64 25 59 100 24 91 28 91 88 55 31 46 30 18 16 88 42 37 81
41 99 27 49 15 74 60 99 49 49 67 38 15 70 90 19 89 31 77 19 22 86 77 10 77 66 74 45 36 51 13 86 53 53 62 21 60 22 77 70 77 54 59 67 92 26 14 15 55 53 15 22 95 33 91 25 75 54 21 12 30 89 60 56 21 41 33 63 81 10 54 49 11 75 64 48 26 31 67 48 74 74 50 66 91 84 78 11 85 58 16 11 16 74 21 75 14 27 23 13 90 73 99 43 79 10 84 79 15 19 71 26 39 93 87 45 55 12 83 18 75 13 57 14 76 49 19 32
32 47 87 36 61 71 79 18 85 33 40 27 27 48 92 56 94 93 13 86 10 87 26 12 68 18 76 61 62 47 84 47 34 74 60 86 99 57 46 10 41 57 90 70 85 85 72 56 66 38 72 25 41 52 96 12 43 84 36 73 33 89 41 97 63 52 70 83 91 97 12 38 32 88 38 39 27 23 40 76 55 47 93 84 32 95 32 67 48 33 35 29 80 51 31 84 93 16 40 60 59 73 46 15 38 36 65 26 48 92 48 59 79 31 54 80 13 56 10 40 13 16 72 89 17 43 66 85
34 42 81 44 43 18 14 16 72 57 66 39 30 66 71 65 82 51 64 15 79 25 40 93 13 52 86 31 87 82 63 42 59 52 84 43 72 90 49 19 43 13 94 78 94 88 16 13 25 24 58 37 49 31 84 31 71 64 90 72 19 11 87 46 42 12 86 57 48 88 66 17 57 51 41 48 44 51 76 91 39 22 77 44 89 87 69 18 49 33 25 49 39 27 70 55 72 69 46 23 23 67 47 71 35 69 41 65 28 73 23 95 52 18 64 57 20 90 93 66 38 11 81 24 54 48 72 22
44 30 48 43 32 96 59 70 28 19 32 90 48 23 96 80 75 21 20 96 40 85 75 28 46 52 36 17 59 11 66 66 88 54 55 58 48 75 68 10 51 23 100 74 63 78 66 69 59 74 35 83 75 53 63 92 23 92 36 12 60 44 16 74 55 35 71 77 100 93 15 17 56 15 14 23 98 86 20 19 17 35 80 19 84 23 51 67 40 72 53 37 64 99 25 38 14 35 85 97 74 96 76 86 58 92 54 85 44 76 13 45 75 88 40 32 83 23 51 97 43 57 37 12 92 80 62 36
46 25 45 32 79 50 20 49 11 47 23 87 75 50 72 58 88 30 11 64 74 64 49 63 19 24 26 77 90 89 66 84 47 82 12 68 49 67 85 83 23 25 61 14 38 56 17 17 16 51 25 78 25 77 27 92 73 21 15 24 14 10 64 53 65 59 99 94 40 72 35 33 71 28 100 11 51 79 99 50 93 100 88 58 20 96 24 40 20 49 11 28 42 51 91 70 92 66 25 44 60 27 28 44 77 16 90 57 55 89 98 11 71 10 27 80 94 76 24 23 91 66 56 34 55 14 80 75
27 37 54 87 14 99 90 55 35 62 45 41 47 65 46 81 15 57 20 63 57 58 56 14 24 62 32 24 11 49 76 97 82 100 49 45 84 54 37 96 45 16 48 80 93 32 37 20 66 97 47 80 13 96 11 87 48 47 94 66 32 25 83 81 58 89 18 34 97 88 21 79 93 54 70 15 75 78 60 76 28 96 71 75 37 98 26 42 93 22 66 89 100 71 27 90 16 92 27 43 100 97 68 74 43 66 23 39 92 79 89 84 27 15 82 68 24 33 79 20 39 56 15 51 53 31 28 69
19 32 35 93 75 93 98 61 21 52 82 84 48 26 21 53 18 10 55 75 76 26 89 70 73 80 85 42 42 16 68 88 42 61 19 42 70 19 39 36 14 82 52 68 37 34 94 70 58 14 15 88 34 29 63 15 61 48 80 93 30 31 25 35 26 55 90 63 67 61 60 89 81 59 84 42 54 34 59 17 45 13 81 53 13 52 98 33 70 17 21 10 97 59 30 79 88 65 61 25 58 15 59 37 91 63 76 54 95 57 91 89 98 74 87 25 22 72 94 10 56 54 81 88 53 52 95 40
54 92 69 38 60 25 64 30 57 23 22 89 11 59 47 54 13 45 12 47 61 42 64 23 17 17 82 94 57 15 11 77 37 54 48 98 22 54 39 15 92 99 62 96 48 72 40 61 25 34 83 95 11 26 23 73 100 28 44 49 20 32 18 28 43 11 40 52 89 43 98 57 73 86 99 77 79 62 47 85 30 61 81 64 72 49 61 93 100 86 86 93 34 48 52 74 89 74 98 34 17 99 48 34 53 51 92 85 24 85 12 29 31 50 34 47 16 16 79 17 30 48 74 91 57 70 88 31
94 69 30 44 87 79 50 28 23 32 55 59 41 36 86 44 44 45 47 55 56 96 17 33 43 19 82 66 79 78 49 61 39 88 16 95 25 38 61 87 34 59 51 37 61 13 78 100 47 42 20 88 35 17 25 51 10 28 79 75 65 96 46 58 15 85 80 39 16 98 22 89 41 40 74 29 20 81 78 82 70 37 100 35 56 79 83 67 13 79 36 37 17 61 45 90 100 99 81 64 76 51 67 67 20 91 37 41 25 76 13 42 37 61 74 34 59 84 87 12 24 51 16 82 89 76 40 42
53 28 25 72 89 78 30 35 31 64 70 29 31 88 57 26 25 15 35 34 27 67 45 50 83 85 47 33 98 54 23 24 57 90 31 66 68 51 72 70 41 43 80 91 65 10 49 65 88 32 14 24 33 65 94 61 80 89 16 96 59 67 15 36 44 16 70 51 74 45 84 53 80 30 60 93 97 11 12 80 72 15 46 63 74 97 65 67 30 19 20 88 77 47 68 61 96 50 55 94 22 49 23 15 68 66 28 78 86 57 36 13 13 97 72 45 41 41 30 71 21 54 32 84 57 94 44 42
63 88 70 95 70 90 34 82 93 85 23 52 56 22 63 69 32 57 26 93 61 88 21 25 37 51 80 84 42 25 93 23 83 29 76 13 81 32 54 73 29 79 40 77 31 51 81 85 46 15 15 41 87 87 39 71 47 31 44 98 64 35 100 12 57 83 74 46 78 50 41 93 81 14 82 90 89 63 60 49 65 68 95 53 85 57 55 59 53 62 79 10 65 99 83 96 84 39 69 35 90 27 74 97 50 71 74 62 70 37 70 16 60 61 71 92 50 61 35 59 98 32 89 75 26 43 90 47
73 24 93 76 69 13 81 33 33 60 85 42 82 44 56 16 29 97 61 15 61 40 30 49 57 62 59 96 14 30 42 82 39 72 88 65 84 59 65 33 79 83 42 70 57 21 99 13 86 63 23 74 66 97 79 92 51 34 17 13 68 94 42 43 94 21 90 89 50 93 83 89 28 92 69 49 26 80 69 66 86 27 38 79 92 16 78 77 47 72 71 24 56 95 91 38 90 80 57 94 69 36 24 90 96 40 45 17 28 54 20 50 29 44 46 49 82 35 68 57 98 41 37 99 24 20 44 69
63 94 52 73 29 67 44 69 83 55 40 49 24 94 24 88 85 60 79 27 16 33 92 69 95 53 34 91 67 59 100 18 18 39 80 67 84 78 49 62 91 93 67 53 53 94 43 65 57 83 59 69 89 68 39 50 43 74 100 17 61 50 58 72 48 64 20 51 75 71 24 42 70 87 29 80 38 75 11 36 13 21 100 87 35 88 26 96 89 43 35 73 38 56 46 51 48 42 81 98 10 10 43 59 92 99 77 50 39 11 42 37 54 19 61 98 48 16 58 73 49 84 20 56 53 70 49 40
69 38 82 55 100 89 70 36 53 81 68 45 76 33 50 80 66 59 13 26 54 45 59 56 61 97 57 50 82 75 41 69 83 86 52 94 46 49 60 17 41 81 60 96 63 70 42 25 34 71 82 54 37 31 10 65 73 98 100 47 28 95 79 86 90 30 68 53 56 25 13 84 59 40 38 27 74 28 10 49 23 67 73 23 49 49 72 41 26 76 43 70 25 99 80 11 55 47 15 61 26 41 52 27 43 24 87 76 26 27 86 92 36 59 61 48 57 73 27 81 17 100 74 88 46 84 43 44
32 25 70 17 36 37 29 79 96 11 39 58 73 97 78 69 74 18 95 50 74 27 32 20 38 46 42 71 10 100 97 41 19 68 21 79 60 58 84 34 57 51 34 71 17 82 27 72 41 32 88 22 51 39 68 41 87 30 34 37 82 61 83 50 88 68 11 46 98 27 90 40 45 72 38 89 55 46 90 17 55 51 24 37 99 72 80 37 34 17 22 48 53 52 19 23 91 75 65 87 25 97 54 53 64 34 50 57 37 96 58 94 92 84 70 76 36 65 60 99 51 92 76 51 46 39 29 18
50 44 90 22 49 34 73 99 84 55 47 49 96 23 59 96 66 40 38 70 10 67 21 46 27 64 78 11 62 84 43 43 94 61 79 90 36 35 90 100 64 25 51 79 15 68 99 94 38 17 55 33 52 53 32 87 68 82 44 74 22 23 31 91 80 11 97 27 73 82 53 16 17 33 65 95 34 56 55 19 77 98 87 69 93 68 50 78 63 23 99 54 94 50 95 39 24 25 64 58 67 70 26 19 59 15 98 76 28 21 88 69 95 12 26 64 26 61 82 33 77 37 71 98 60 49 94 21
36 60 66 71 43 88 95 78 20 66 74 65 79 21 34 22 96 60 53 31 56 30 53 43 97 76 99 75 74 12 21 10 96 100 22 79 37 22 96 100 26 71 69 41 87 94 30 96 73 15 38 74 57 19 51 54 12 48 24 64 82 21 32 68 61 21 83 99 44 95 81 61 54 99 95 55 91 37 79 67 66 60 90 51 36 32 24 94 44 99 43 64 34 49 54 29 57 90 31 71 21 26 40 62 10 62 11 59 71 67 88 60 65 90 58 78 50 75 69 79 35 87 13 85 70 16 11 100
53 79 100 42 83 90 63 70 40 75 26 90 72 25 55 23 92 97 32 84 28 70 57 81 26 45 14 78 10 78 35 10 77 82 40 79 92 52 66 36 94 30 80 82 40 28 64 74 100 70 16 26 59 42 32 78 65 51 16 22 35 82 52 59 82 80 46 77 22 89 85 10 70 21 18 94 56 100 60 91 65 24 18 72 55 76 25 97 35 70 49 84 28 79 66 44 81 58 83 12 49 96 65 14 99 12 61 61 85 71 39 59 92 90 80 91 80 84 82 14 88 85 75 30 31 60 59 77
25 28 45 35 69 41 97 72 86 77 11 47 87 99 19 49 51 59 33 72 54 12 37 40 88 39 49 70 54 82 13 92 18 45 45 26 52 44 64 43 37 24 55 44 84 71 24 23 64 18 17 70 39 61 88 44 77 87 57 91 20 26 65 36 30 20 53 44 94 33 91 47 76 17 97 85 59 87 60 80 64 54 80 90 90 75 58 89 73 72 58 91 10 14 27 30 45 23 86 41 21 78 92 52 100 37 52 85 92 25 61 19 100 77 56 63 96 89 72 40 84 55 15 92 60 42 26 58
12 45 26 79 81 80 42 90 74 50 22 92 43 69 46 22 86 97 29 84 34 21 25 32 84 54 61 90 98 39 20 13 96 17 57 31 14 80 79 31 12 83 59 67 14 93 38 21 88 95 17 89 63 61 26 66 100 27 12 87 66 22 12 42 57 53 67 79 81 69 19 80 79 46 71 12 89 78 86 61 26 16 43 91 97 34 24 49 78 92 28 33 60 40 14 28 25 41 79 82 58 83 34 74 96 72 55 55 81 21 70 51 56 44 27 89 56 92 70 43 52 57 13 59 58 36 17 15
23 72 85 15 86 88 49 65 46 17 43 71 80 20 40 19 24 82 86 44 23 54 64 72 68 68 86 21 63 13 67 41 31 47 57 47 97 86 12 52 40 17 73 97 20 20 94 56 63 64 77 33 27 68 33 67 54 45 100 55 31 67 48 81 85 96 16 96 41 64 77 63 64 31 18 88 92 33 42 69 54 94 46 38 47 91 95 85 16 70 76 85 47 98 31 64 22 41 61 93 54 49 13 14 71 50 90 54 66 41 86 44 37 40 84 35 33 67 32 71 14 16 72 93 42 26 24 87
75 96 84 93 62 15 93 55 85 77 98 24 34 63 30 91 86 55 17 79 21 75 36 41 34 77 100 30 51 86 21 78 26 25 14 44 55 44 66 61 45 30 39 84 52 96 85 45 27 54 23 100 88 30 76 63 94 20 74 44 72 77 45 18 88 16 24 44 48 65 94 44 99 69 78 88 70 15 15 42 57 89 28 78 41 70 17 19 31 41 67 30 37 50 65 66 17 18 10 97 85 26 71 66 100 82 48 90 51 44 86 47 49 33 44 45 98 67 25 88 29 70 41 93 57 95 98 81
76 95 47 79 83 60 71 83 18 60 83 83 95 93 17 90 12 39 55 23 86 54 46 18 43 25 37 30 63 81 27 84 48 27 94 87 42 61 32 14 21 100 58 82 58 50 99 69 71 29 18 89 96 58 15 76 48 46 80 12 30 29 16 54 71 46 20 74 34 28 60 100 91 51 70 45 15 30 78 33 89 81 68 28 34 99 12 31 73 45 82 39 78 70 96 77 54 48 46 50 80 23 22 26 66 87 88 92 14 67 63 31 55 95 56 100 73 100 14 70 100 45 77 76 74 56 81 90
10 73 46 95 65 75 76 57 34 89 88 60 83 39 70 65 53 59 80 57 93 46 66 66 31 73 51 46 28 70 43 30 73 35 45 38 92 31 83 60 83 29 14 24 45 91 90 23 13 69 24 75 67 56 68 71 63 54 51 39 23 29 21 83 59 75 26 12 66 98 14 79 60 24 61 84 27 49 46 64 64 87 44 16 49 40 66 41 31 12 34 77 33 53 85 35 57 96 44 76 54 51 80 35 36 51 37 95 13 42 49 28 62 99 38 50 38 89 81 59 68 86 17 28 50 70 49 32
70 46 16 56 52 20 68 15 94 17 57 62 94 95 21 100 19 97 34 97 15 89 84 11 10 66 63 54 18 79 82 73 11 51 84 47 38 63 23 70 21 97 45 39 90 37 61 41 22 16 55 17 64 92 97 82 96 72 73 57 49 71 72 96 79 71 47 58 56 17 96 11 28 61 80 41 25 94 100 36 28 50 34 89 92 60 90 74 94 83 38 46 63 35 12 98 47 16 73 22 50 48 99 28 75 65 63 21 53 93 44 35 30 60 67 86 50 28 83 59 91 16 57 100 12 49 17 97
58 100 72 46 70 24 21 84 43 29 31 91 45 40 62 50 67 71 48 61 29 56 36 53 26 22 24 95 59 89 97 13 27 40 36 95 23 34 61 80 93 19 66 93 99 86 86 57 18 65 16 61 58 39 49 26 81 45 67 59 43 42 25 58 65 72 90 25 53 42 62 92 21 51 19 60 97 62 20 100 13 61 77 32 89 43 53 60 41 56 15 38 64 85 79 49 25 72 31 95 59 24 13 63 90 35 18 74 66 53 38 88 24 34 92 25 72 58 84 24 54 50 59 59 44 10 78 35
86 30 25 10 29 27 85 61 35 13 79 90 10 53 91 30 35 30 74 64 41 96 96 87 97 72 19 28 95 86 79 52 91 16 70 59 14 84 24 75 74 58 18 68 60 91 21 37 93 35 42 88 34 43 13 12 73 20 34 38 30 41 74 33 37 93 47 41 27 81 78 99 84 65 28 92 98 46 83 70 55 83 11 40 66 95 81 69 17 13 39 65 73 13 70 33 38 84 27 69 92 49 83 15 64 64 98 27 43 63 55 77 41 18 74 40 59 58 82 45 54 26 67 46 67 59 78 10
92 32 80 60 77 60 80 74 83 53 100 65 86 67 33 44 61 100 31 81 77 38 96 96 15 77 24 52 90 14 30 23 35 62 31 61 16 86 77 95 94 61 61 36 39 90 57 19 48 64 19 91 57 52 89 93 56 94 73 91 79 11 85 26 86 34 79 42 65 80 89 56 84 37 18 16 62 22 75 94 86 89 100 50 47 40 50 18 32 87 28 57 64 22 92 91 33 53 29 86 34 17 67 69 80 42 77 58 51 23 17 63 72 36 63 94 87 52 54 22 53 31 88 38 22 20 95 42
41 16 17 62 75 35 65 18 19 99 46 81 50 97 39 19 56 68 28 22 36 62 43 58 26 15 83 84 29 61 64 23 14 45 14 95 46 96 27 13 77 22 30 48 35 56 73 84 23 75 23 10 73 47 78 90 62 17 58 63 97 85 51 80 60 56 38 22 30 88 50 68 55 46 94 40 41 31 63 80 96 75 78 88 26 60 33 59 44 72 63 15 36 70 12 34 80 40 96 64 67 10 10 48 87 70 98 42 75 42 66 67 86 98 19 71 50 62 17 13 93 46 78 98 50 49 50 31
28 78 90 20 22 13 80 12 70 35 75 92 36 58 44 94 41 45 87 34 72 42 81 78 23 20 62 28 63 79 95 23 59 39 85 48 63 81 88 85 87 39 97 57 28 39 68 11 94 50 65 32 88 15 40 57 17 55 24 81 90 79 19 85 90 46 75 51 100 99 36 30 94 53 65 36 64 97 64 76 49 42 30 43 92 40 74 19 25 10 95 62 16 92 35 58 94 65 86 34 60 67 41 78 70 77 15 92 38 94 92 43 91 79 94 59 74 48 89 61 35 58 92 57 38 71 93 25
86 70 73 59 33 71 48 35 79 99 35 56 18 92 48 26 87 59 12 11 84 29 69 76 73 54 66 62 65 75 53 67 27 33 24 49 20 74 21 48 66 19 23 72 48 43 54 78 61 50 69 41 86 76 16 36 92 77 57 74 93 63 85 62 72 100 73 87 90 73 70 65 23 85 61 13 44 27 10 70 97 98 38 57 76 28 84 36 85 33 70 100 64 12 39 55 23 83 72 81 98 50 67 84 61 67 92 97 72 88 76 38 94 75 86 41 31 80 74 13 75 17 47 99 47 88 37 11
12 85 39 96 21 11 12 54 70 67 98 73 17 20 65 50 78 80 30 76 59 29 12 92 63 38 51 98 23 84 50 75 23 18 49 49 72 16 69 23 88 92 59 81 28 42 67 21 100 37 49 33 39 46 86 31 69 29 61 96 37 21 41 98 42 95 61 72 95 29 83 27 36 69 48 67 68 63 45 36 53 48 24 47 56 50 82 38 67 32 22 68 83 94 81 27 53 73 50 71 84 44 26 83 55 100 74 83 93 82 27 80 69 57 42 11 49 72 18 68 43 50 75 31 97 31 75 100
46 51 35 84 27 80 50 84 29 18 23 46 100 84 32 36 38 73 64 55 53 33 84 38 30 28 20 20 72 30 54 78 76 59 72 62 41 57 54 16 94 57 84 89 39 44 14 26 50 79 39 17 29 77 41 63 78 17 86 30 33 52 75 63 21 46 70 31 75 97 44 31 79 17 51 34 79 21 51 83 28 41 99 44 47 30 40 28 50 21 75 77 12 22 87 68 14 21 84 36 38 51 24 70 69 88 50 19 62 76 29 11 38 31 72 40 29 57 62 96 88 22 18 37 57 47 41 64
23 29 57 72 69 31 18 92 63 66 93 54 48 25 94 88 58 28 82 55 20 54 28 60 87 50 87 98 96 34 32 61 51 54 46 35 12 70 52 53 63 81 88 89 92 52 47 76 98 41 91 70 72 30 98 60 62 95 43 57 74 85 91 41 46 100 45 43 41 48 15 76 96 23 32 13 67 53 10 82 45 100 16 14 16 95 87 23 47 97 28 70 24 67 99 13 64 94 12 69 30 21 54 52 55 40 95 41 37 18 77 45 18 33 96 66 42 55 52 99 93 79 89 31 70 19 33 73
78 44 81 47 14 76 22 97 50 10 18 55 57 64 35 90 60 24 73 70 44 79 17 92 96 84 56 14 87 34 71 71 88 98 89 60 47 68 38 72 100 17 31 68 34 85 28 57 38 67 94 92 71 37 18 86 99 48 94 83 79 26 27 92 46 85 81 58 37 19 36 30 85 13 75 95 60 11 83 22 58 78 100 76 17 41 71 12 97 48 63 21 66 26 52 25 96 42 50 76 83 97 30 38 19 91 37 18 78 69 42 36 38 66 24 80 26 60 80 31 35 41 18 73 41 31 99 11
83 92 43 42 61 83 43 97 52 44 34 44 26 23 12 50 97 33 41 33 51 63 15 32 45 58 81 79 85 33 53 74 45 68 65 21 21 81 79 18 18 47 93 73 49 72 50 33 94 57 49 42 28 80 67 49 76 23 90 18 31 71 68 16 93 70 67 51 55 95 10 48 33 94 87 28 56 28 84 65 61 74 34 98 17 56 10 34 98 20 13 80 84 12 78 32 63 64 11 85 80 98 12 63 60 87 75 31 78 22 50 41 56 51 67 54 13 94 90 87 45 19 15 11 41 68 15 84
83 46 52 90 94 10 98 87 58 81 87 76 15 77 63 94 26 62 31 80 23 31 21 13 57 81 91 80 58 71 66 40 14 51 35 100 46 43 31 83 61 49 91 87 90 95 94 92 15 44 93 94 35 32 22 21 64 86 33 89 40 13 25 29 56 83 25 100 68 76 44 41 56 70 29 72 20 79 99 44 34 69 95 40 59 45 66 31 30 42 25 31 67 57 46 80 63 58 15 46 52 97 42 72 89 44 84 100 57 69 29 62 100 37 54 34 79 52 53 64 83 50 14 55 54 46 81 81
68 54 66 50 63 55 35 36 100 98 41 19 23 73 70 33 50 58 10 54 23 41 45 25 27 72 62 50 21 16 47 77 80 80 47 96 85 67 84 92 68 29 74 46 36 34 67 43 27 48 32 49 11 50 90 18 95 27 58 47 13 74 20 48 56 82 100 29 79 94 32 58 100 10 78 83 16 58 83 75 57 92 52 46 99 12 32 35 89 48 34 74 60 96 80 20 62 86 48 41 92 64 30 42 41 30 37 89 71 35 77 84 52 21 82 73 78 49 13 72 83 94 85 38 41 33 15 11
86 57 24 30 11 78 91 91 19 24 23 68 47 44 63 61 86 12 80 87 14 62 37 16 39 50 96 50 58 93 19 90 20 94 80 70 10 28 10 63 57 52 28 88 98 84 71 11 24 82 24 59 82 73 12 39 17 35 82 34 71 74 76 89 74 12 32 54 17 44 30 46 42 41 98 10 29 87 72 17 26 81 86 78 50 59 93 11 67 13 59 46 49 79 43 29 68 87 83 16 90 14 88 16 31 48 63 38 26 77 94 37 32 53 50 53 47 72 25 29 46 18 31 63 63 73 73 21
86 55 99 31 70 16 62 40 61 41 53 32 16 97 70 46 93 76 22 17 50 13 96 67 48 34 24 39 18 89 47 32 87 76 74 46 29 87 59 33 76 54 62 23 31 81 63 63 50 52 87 73 81 29 45 52 95 68 21 36 67 15 43 97 21 92 31 32 26 100 47 19 91 13 61 22 36 11 61 18 61 78 76 40 48 24 83 35 66 27 65 38 86 34 97 44 95 75 71 91 16 22 54 100 34 79 68 16 88 85 42 52 95 24 54 48 53 71 73 59 88 72 96 16 61 29 57 67
75 35 26 37 94 66 21 65 13 36 47 56 87 32 86 95 16 12 24 33 30 66 59 99 54 59 58 97 52 14 41 66 37 12 67 27 63 11 30 99 61 77 11 10 67 44 47 99 22 81 27 12 38 19 12 67 55 27 42 97 13 25 61 94 90 45 76 59 91 56 34 74 31 36 44 35 70 94 35 54 18 40 36 29 98 80 94 38 75 21 52 100 81 78 86 69 60 90 34 21 63 34 51 57 12 32 14 64 21 91 79 64 64 69 34 75 55 10 78 10 42 12 98 71 20 41 25 76
72 36 32 44 95 83 56 19 57 77 96 57 57 28 55 10 11 42 66 84 50 100 76 53 97 80 69 38 86 21 43 64 21 10 35 91 100 53 79 36 28 67 38 61 61 26 90 33 22 18 50 45 49 20 92 18 63 26 95 29 80 93 35 48 61 98 89 29 10 29 49 52 71 55 15 86 86 42 62 44 24 49 56 32 72 85 65 11 36 58 75 75 20 92 43 65 70 77 12 20 38 23 81 96 32 91 87 15 49 99 78 13 99 21 63 25 70 27 26 88 72 60 27 99 30 96 63 71
97 57 26 82 94 19 55 19 59 77 74 80 67 69 12 47 23 85 100 14 29 21 89 63 23 30 67 44 30 60 42 96 51 69 89 77 82 63 12 29 48 24 69 96 61 37 35 77 22 41 94 21 13 36 37 23 58 23 53 26 26 10 98 95 18 85 52 90 24 17 86 95 74 14 84 50 56 67 81 63 39 39 90 70 13 53 85 11 82 51 100 26 43 58 29 29 32 12 65 10 73 60 47 48 39 89 73 53 98 68 37 88 85 30 85 18 28 97 77 74 36 99 84 19 96 83 94 60
70 39 60 17 23 92 97 75 65 42 13 76 90 24 91 39 95 21 15 16 46 24 98 79 29 90 49 82 46 74 96 12 76 18 72 43 79 61 43 15 38 93 12 19 55 93 64 48 26 13 96 76 51 16 11 91 80 60 39 83 97 79 61 28 36 79 27 41 42 18 67 98 54 87 52 32 83 20 49 74 45 10 35 81 48 45 18 84 62 59 66 67 12 67 43 41 48 68 43 83 77 43 86 89 18 21 62 39 81 42 22 16 12 20 83 28 31 69 73 85 62 25 47 44 85 74 63 99
85 26 45 64 45 48 60 32 38 42 80 46 17 31 84 56 92 14 97 19 47 81 20 67 27 22 33 68 58 98 49 76 86 75 22 82 12 90 72 19 65 40 93 52 53 52 77 98 48 84 80 99 51 45 35 59 38 54 34 55 71 50 95 18 98 18 100 90 48 94 63 44 13 58 63 36 19 26 28 74 73 43 68 64 53 60 68 28 66 64 88 30 42 45 76 42 75 99 12 43 35 26 21 36 26 93 74 32 90 15 78 81 76 20 26 38 34 36 14 74 28 78 77 94 13 32 76 30
32 68 75 74 82 33 27 60 27 21 45 67 17 62 84 23 73 10 55 85 11 70 49 74 11 91 84 90 95 10 64 38 73 97 27 100 14 14 39 71 71 31 86 18 99 67 36 91 88 64 73 18 70 12 81 57 31 68 93 90 21 97 88 85 76 68 67 92 26 62 61 66 64 94 67 64 19 75 75 73 34 53 41 77 32 97 56 91 49 68 51 22 50 14 93 76 19 50 44 17 82 70 12 49 63 97 34 91 68 48 58 43 96 28 94 70 54 75 19 84 29 58 58 18 25 35 97 97
37 92 99 59 62 49 52 47 54 10 20 49 15 19 49 84 72 67 16 55 18 34 77 18 50 88 76 88 51 21 21 30 66 77 85 66 92 39 59 81 48 68 96 52 15 74 95 22 35 14 71 22 52 33 23 69 82 59 66 24 77 89 65 26 69 36 98 25 80 76 95 16 85 79 44 68 80 36 61 13 92 26 68 98 13 30 38 18 22 16 41 39 85 100 88 35 35 77 29 27 67 63 15 13 56 87 55 20 21 87 13 49 86 16 81 57 46 96 45 58 39 16 81 47 32 36 87 48
45 17 50 29 38 76 54 80 87 40 81 31 17 39 82 14 42 10 71 40 86 20 89 67 15 41 32 37 47 59 59 87 73 93 43 74 71 81 71 87 91 88 81 33 25 62 56 83 58 96 37 39 81 40 15 47 100 73 96 85 52 44 29 14 91 40 50 75 38 76 24 80 24 88 85 19 24 64 34 100 61 73 13 28 18 95 99 41 69 31 49 12 70 38 70 78 40 63 98 82 72 72 11 100 30 86 56 57 51 58 27 45 96 15 50 81 43 76 70 82 30 62 51 38 91 30 51 94
15 77 38 77 23 86 35 75 14 77 26 15 32 98 91 39 85 67 27 19 86 48 56 78 22 64 55 47 64 15 94 14 46 23 40 54 34 87 97 66 49 25 77 78 21 69 31 67 45 29 51 90 45 76 19 48 45 30 66 71 13 72 20 76 43 63 96 39 58 65 29 96 93 41 11 93 62 40 48 79 88 75 10 85 73 10 58 87 60 68 87 47 13 14 57 23 96 33 60 96 64 100 85 50 81 62 94 94 73 23 44 75 53 18 38 36 87 94 50 28 98 11 63 37 74 29 36 83
23 37 89 97 14 25 64 93 32 89 55 87 20 13 60 35 95 29 37 19 29 94 37 66 92 26 48 34 33 38 34 87 77 27 33 96 83 57 20 55 14 97 78 26 37 53 16 32 54 42 91 92 59 79 37 40 100 55 99 25 89 34 28 95 59 92 95 43 68 80 53 84 27 42 93 44 80 32 34 69 14 62 33 62 42 66 88 82 76 75 43 19 20 38 92 80 91 25 89 52 97 60 42 66 29 28 16 50 90 41 35 65 12 35 77 50 33 53 71 36 54 95 23 19 76 81 15 28
74 91 68 54 59 86 75 42 38 50 50 53 14 91 41 89 96 34 60 90 82 67 77 88 27 47 90 30 67 34 85 35 47 17 49 59 49 36 22 86 86 28 41 21 79 81 55 15 18 43 22 70 88 70 56 77 32 89 92 74 32 25 40 11 32 75 90 99 43 13 100 87 89 11 46 33 35 24 75 37 21 83 95 64 25 92 29 52 28 16 33 75 23 46 86 77 74 26 92 88 32 72 34 39 53 54 24 27 90 79 31 66 98 14 30 49 70 62 54 56 34 89 68 89 96 79 74 61
42 50 13 89 27 56 97 28 94 30 46 44 32 23 16 13 18 100 39 11 67 97 65 80 53 75 65 79 75 14 77 54 91 15 64 25 66 44 32 83 38 70 98 34 42 39 99 18 11 56 27 45 35 47 91 77 94 56 80 84 29 98 67 60 65 62 60 91 56 28 28 46 27 61 32 39 83 10 13 75 25 57 30 75 74 16 19 49 34 95 85 71 85 19 56 46 66 55 48 84 34 60 91 62 86 39 29 22 90 36 95 45 45 24 53 22 79 24 54 99 30 100 98 26 79 88 84 98
24 64 18 63 13 23 42 14 12 80 17 86 64 65 63 54 62 18 91 97 39 49 62 66 51 51 43 33 11 26 14 81 24 93 58 77 14 74 15 97 82 13 89 44 80 24 18 56 18 91 20 13 45 45 54 39 31 98 96 66 81 59 43 61 23 48 30 65 21 86 66 21 94 92 39 21 85 80 75 15 61 94 38 28 50 59 45 24 12 71 65 76 61 96 64 67 63 64 49 59 14 83 50 52 41 75 36 24 72 44 86 18 89 35 12 21 42 97 50 42 19 93 60 57 14 66 80 71
63 74 78 14 59 68 65 95 23 79 13 82 71 98 72 86 88 32 100 98 17 37 72 21 46 93 39 71 11 65 84 10 28 42 71 95 32 64 33 48 35 31 23 86 60 39 53 61 89 82 41 89 12 24 79 48 27 76 19 56 82 87 67 74 47 39 69 74 21 64 20 77 30 79 43 93 16 51 51 11 82 42 16 10 34 21 17 35 93 46 86 91 97 68 75 59 40 42 10 56 64 15 79 20 17 56 17 33 19 49 97 48 67 71 89 16 40 36 54 46 27 100 39 22 92 82 50 47
19 48 15 52 67 40 64 58 41 30 84 84 88 88 35 89 35 82 68 64 26 60 48 20 92 24 78 48 70 70 71 10 93 97 69 52 40 23 58 96 59 84 95 31 74 70 10 65 44 54 57 45 76 68 94 13 99 17 50 46 23 94 45 13 85 11 45 89 85 73 48 58 29 94 63 37 89 19 25 69 23 25 73 98 21 17 83 65 16 73 83 62 24 82 97 33 33 94 59 34 85 97 31 79 16 14 12 56 78 22 72 95 13 88 13 25 13 48 39 57 27 39 34 39 23 66 84 70
71 26 22 45 81 75 64 68 86 40 24 70 10 41 86 14 98 51 87 87 55 100 29 79 54 93 86 78 100 73 82 91 60 76 81 83 51 51 66 32 66 58 37 47 68 70 17 30 98 71 24 47 41 84 67 44 53 82 85 90 47 73 81 88 60 75 78 63 40 77 57 100 79 73 34 20 25 92 58 51 46 22 58 59 13 84 75 88 40 83 34 50 79 99 76 21 36 68 17 27 43 59 84 76 53 84 42 10 30 78 81 75 24 59 53 61 53 33 86 88 21 67 67 38 58 72 18 22
70 56 14 30 23 98 50 76 56 18 100 59 53 46 88 62 25 46 23 88 85 81 34 24 61 20 94 59 49 57 38 16 87 46 29 34 24 11 14 22 41 79 25 31 13 94 62 75 90 40 69 38 47 25 46 69 82 41 82 63 30 36 75 85 55 20 60 67 40 20 25 58 45 82 18 58 30 49 38 73 44 14 50 52 17 69 49 93 55 79 20 15 11 58 52 70 60 35 52 97 77 51 80 49 49 92 74 51 80 99 81 32 97 63 26 99 21 35 60 84 77 20 53 73 18 19 27 29
63 73 33 56 45 10 29 51 58 83 21 49 21 10 65 54 54 23 29 44 14 29 97 71 79 88 71 25 64 75 34 17 45 32 76 22 37 30 62 28 29 32 56 46 67 61 97 19 71 75 46 56 13 98 38 40 24 34 75 13 35 87 70 69 34 41 100 46 25 36 22 78 50 83 33 12 13 78 60 89 36 86 56 95 13 44 79 51 93 94 44 39 84 32 72 57 14 37 34 31 74 92 25 28 22 28 37 66 55 57 84 64 78 63 22 24 79 69 96 52 95 82 15 47 68 31 15 97
70 91 67 78 61 65 16 54 19 77 47 52 68 14 39 95 34 37 80 55 61 82 85 98 78 57 48 88 27 45 42 15 92 97 84 91 69 14 55 43 33 87 65 26 100 83 36 81 95 33 13 31 68 22 69 56 50 51 25 23 76 17 95 13 38 83 80 99 55 37 60 74 32 28 91 10 42 90 84 70 36 18 73 56 59 70 21 67 81 47 30 82 12 82 13 49 11 59 54 53 16 12 47 96 55 16 80 94 88 34 36 37 55 28 37 85 93 33 65 38 73 61 27 79 27 26 41 64
97 19 25 39 81 39 91 94 16 21 46 35 64 47 75 39 41 89 99 48 39 67 65 90 40 64 97 77 50 31 100 58 30 66 80 40 93 89 71 77 99 16 97 25 23 92 92 54 68 39 30 63 17 98 23 85 70 40 45 93 48 62 32 84 82 95 88 39 28 84 41 10 76 24 48 10 57 18 34 81 84 53 90 18 51 70 16 83 76 81 13 73 33 18 41 38 27 90 36 11 58 33 12 38 100 79 73 32 73 67 34 67 52 59 20 62 32 20 89 96 92 52 61 74 59 68 68 25
34 75 42 63 47 96 52 67 53 57 42 39 35 10 18 28 67 92 92 39 75 22 76 30 92 12 61 61 16 13 32 73 40 15 64 33 30 55 50 47 53 58 99 52 63 37 68 90 13 82 12 98 55 22 77 12 14 61 93 53 52 33 73 84 58 12 47 15 17 82 79 68 37 99 90 75 99 44 33 63 21 50 47 88 73 57 57 30 81 66 16 92 46 15 26 50 46 93 17 31 75 98 90 15 27 23 73 12 76 87 45 96 71 76 35 76 65 56 39 60 55 64 22 14 86 96 71 84
86 46 20 82 53 42 84 46 31 93 100 51 77 37 21 13 59 52 83 56 78 98 68 75 46 90 44 30 76 88 41 85 77 79 64 88 49 72 26 84 11 64 31 15 96 17 33 99 17 21 89 25 65 81 91 80 30 77 37 57 25 88 31 89 67 70 54 82 55 33 38 38 100 93 89 13 50 43 73 66 11 64 24 71 24 26 51 24 83 70 75 28 32 38 17 56 14 26 64 82 32 66 17 30 37 26 10 97 33 82 25 47 11 28 40 55 52 34 53 27 67 55 27 100 36 69 81 21
34 85 69 66 25 82 83 25 79 63 99 81 67 42 22 63 60 92 65 70 17 69 52 98 26 32 68 19 76 29 17 56 59 92 64 74 58 39 99 59 56 42 22 13 98 100 59 64 27 35 77 52 25 39 66 19 51 27 93 32 58 34 77 32 78 30 83 96 24 40 90 79 59 38 84 100 43 13 34 31 20 68 92 32 13 56 51 10 12 48 23 31 32 88 54 68 97 36 86 36 34 34 55 16 16 67 35 81 11 60 35 26 35 63 84 31 55 72 15 16 50 54 76 91 89 43 11 69
79 65 98 83 44 14 68 65 88 59 18 69 12 55 58 98 99 26 26 63 84 23 45 62 61 30 83 50 100 58 72 93 37 80 41 87 85 24 30 58 47 69 97 96 92 39 64 69 59 29 99 20 69 98 38 67 60 57 85 98 64 95 38 53 65 69 63 52 20 51 21 61 90 92 23 26 23 86 18 14 61 45 79 13 68 80 80 80 54 92 51 70 85 22 69 10 73 95 62 22 49 37 57 51 10 84 98 37 45 78 36 27 40 84 97 73 90 47 42 17 62 55 49 76 76 58 84 74
17 76 97 69 59 34 57 77 58 62 18 13 98 85 96 62 13 12 52 20 21 14 44 27 71 32 92 37 17 41 22 80 74 37 31 27 67 60 40 100 93 99 60 11 57 20 49 85 67 89 13 94 72 84 12 26 47 33 53 93 75 71 66 44 100 10 18 66 11 11 29 63 54 75 20 63 66 36 89 68 40 44 45 32 81 62 81 51 29 23 22 20 64 84 77 53 94 82 82 70 46 16 59 83 58 62 99 25 62 38 37 88 73 77 53 91 96 63 71 73 38 58 14 27 93 31 99 25
66 71 25 46 19 24 39 86 78 70 55 39 23 40 39 87 35 19 78 27 80 39 37 24 39 28 29 68 11 70 39 100 39 97 77 52 43 73 30 26 44 50 34 64 90 18 96 96 33 45 45 93 97 68 27 42 23 93 10 77 44 52 100 93 41 26 98 95 52 61 36 30 18 41 74 78 64 80 20 93 22 95 88 18 72 36 20 99 38 13 35 84 100 27 43 46 28 52 99 25 55 29 55 19 77 45 79 62 15 29 98 54 94 55 74 31 93 85 24 77 75 83 67 54 93 94 98 75
38 39 85 65 27 43 88 66 50 71 92 51 21 90 16 97 17 87 56 52 29 16 34 10 94 24 24 74 99 13 70 40 81 75 82 94 10 70 11 51 42 42 28 23 27 50 73 73 12 53 37 41 27 91 36 89 76 25 26 100 78 76 72 17 48 31 96 72 52 66 15 80 53 43 27 12 56 69 47 17 97 17 63 52 41 85 45 22 58 36 67 84 69 80 40 54 48 21 47 72 29 34 50 74 14 87 38 61 63 48 85 60 99 27 16 26 65 61 73 64 65 92 68 68 80 22 81 82
74 29 35 18 12 43 57 14 69 96 78 95 68 55 50 77 44 41 85 84 24 98 48 76 87 13 54 55 25 67 21 72 75 64 93 18 92 70 72 74 46 54 85 87 12 15 15 42 21 82 11 73 51 68 35 45 91 33 23 58 48 64 35 41 20 28 56 56 44 36 86 48 62 31 78 29 11 49 62 71 16 95 10 47 84 63 96 38 29 41 12 81 14 75 96 56 43 77 70 92 44 84 54 74 82 31 47 90 83 54 68 71 33 94 46 71 83 37 13 65 68 30 44 55 43 57 68 62
68 86 13 57 40 59 98 69 39 95 51 39 44 43 80 79 13 67 88 48 79 72 11 27 64 77 14 73 95 91 93 13 24 97 96 31 54 63 59 68 46 17 95 19 63 32 17 33 98 51 73 59 33 76 49 54 15 29 85 76 24 97 47 84 12 96 10 21 34 94 27 80 10 52 89 63 44 25 87 11 19 15 94 28 20 62 45 53 43 43 20 76 81 93 37 37 54 30 10 63 84 87 99 94 27 58 11 83 54 73 43 53 85 29 95 67 70 71 33 29 70 42 86 95 15 26 25 91
93 56 35 23 56 65 18 21 81 12 87 83 31 55 64 86 40 43 90 66 73 24 51 99 59 16 93 95 58 70 86 25 28 81 90 41 79 30 23 54 22 88 11 47 81 36 73 13 44 74 17 88 37 97 17 49 15 58 94 79 27 66 14 25 17 92 67 66 43 14 37 48 92 43 45 32 25 99 36 67 57 63 59 56 40 27 56 58 48 20 92 72 13 20 100 12 85 100 27 32 16 68 61 86 62 20 53 54 62 91 46 16 20 17 70 55 12 59 49 13 30 19 33 55 30 84 69 12
26 40 43 94 39 96 18 73 83 24 21 93 58 93 14 100 64 16 37 41 90 37 57 12 50 92 96 51 24 51 11 89 96 38 54 87 18 54 53 55 61 14 59 66 45 34 80 85 98 91 95 99 100 26 36 41 44 85 10 93 39 44 80 78 78 98 68 52 66 13 75 97 96 66 93 60 69 68 25 82 51 84 34 88 47 70 100 82 36 20 86 43 91 35 31 45 48 71 96 85 54 88 95 54 10 23 60 99 62 32 72 60 21 78 67 44 14 85 96 41 36 99 41 84 82 25 74 81
79 16 83 43 35 74 26 23 22 27 15 52 29 95 16 81 96 86 33 69 58 69 100 50 57 88 81 94 45 94 69 34 88 68 33 84 46 96 43 74 47 28 13 16 27 63 73 86 26 99 61 27 39 81 60 40 70 80 30 43 27 74 46 80 42 16 10 55 76 74 52 29 25 40 67 40 24 72 86 85 99 19 59 29 75 11 80 93 70 56 13 47 13 46 32 88 96 95 47 51 62 82 90 72 36 10 95 48 27 37 89 38 34 25 43 35 85 49 47 65 26 58 95 85 51 91 31 48
92 14 39 89 19 100 99 37 90 60 96 18 71 86 78 11 67 52 42 99 27 84 62 56 61 13 79 70 26 66 72 97 62 55 64 46 49 87 43 79 57 46 97 84 60 60 100 97 24 32 93 41 64 44 55 91 91 59 90 70 29 42 14 92 33 100 74 11 27 62 77 66 80 81 55 62 35 30 77 82 73 55 19 23 24 22 21 21 94 41 40 70 73 30 70 89 83 68 42 10 97 10 80 28 56 47 30 97 54 12 24 23 97 44 94 100 65 97 36 85 60 56 79 58 81 77 36 15
76 32 25 80 39 26 43 21 69 10 60 56 23 62 46 87 87 66 39 15 95 62 46 91 24 97 15 43 61 22 76 80 66 78 88 80 26 78 75 14 13 48 60 65 53 65 97 39 42 89 58 14 100 16 96 72 10 29 71 36 39 43 29 97 27 65 10 93 77 47 61 95 28 38 29 42 24 88 28 14 44 24 72 85 67 23 61 93 93 30 96 64 91 13 36 23 77 15 21 27 84 78 42 16 77 18 95 13 99 36 54 56 30 90 71 40 65 89 70 30 75 68 65 26 75 40 61 62