36
36
-9999
78 72 69 71 58 49 78 72 69 71 58 49 78 72 69 71 58 49 78 72 69 71 58 49 78 72 69 71 58 49 78 72 69 71 58 49
74 67 56 49 46 50 74 67 56 49 46 50 74 67 56 49 46 50 74 67 56 49 46 50 74 67 56 49 46 50 74 67 56 49 46 50
69 53 44 37 38 38 69 53 44 37 38 38 69 53 44 37 38 38 69 53 44 37 38 38 69 53 44 37 38 38 69 53 44 37 38 38
64 58 55 22 31 24 64 58 55 22 31 24 64 58 55 22 31 24 64 58 55 22 31 24 64 58 55 22 31 24 64 58 55 22 31 24
68 51 47 21 16 19 68 51 47 21 16 19 68 51 47 21 16 19 68 51 47 21 16 19 68 51 47 21 16 19 68 51 47 21 16 19
74 53 54 12 11 12 74 53 54 12 11 12 74 53 54 12 11 12 74 53 54 12 11 12 74 53 54 12 11 12 74 53 54 12 11 12
78 72 69 71 58 49 78 72 69 71 58 49 78 72 69 71 58 49 78 72 69 71 58 49 78 72 69 71 58 49 78 72 69 71 58 49
74 67 56 49 46 50 74 67 56 49 46 50 74 67 56 49 46 50 74 67 56 49 46 50 74 67 56 49 46 50 74 67 56 49 46 50
69 53 44 37 38 38 69 53 44 37 38 38 69 53 44 37 38 38 69 53 44 37 38 38 69 53 44 37 38 38 69 53 44 37 38 38
64 58 55 22 31 24 64 58 55 22 31 24 64 58 55 22 31 24 64 58 55 22 31 24 64 58 55 22 31 24 64 58 55 22 31 24
68 51 47 21 16 19 68 51 47 21 16 19 68 51 47 21 16 19 68 51 47 21 16 19 68 51 47 21 16 19 68 51 47 21 16 19
74 53 54 12 11 12 74 53 54 12 11 12 74 53 54 12 11 12 74 53 54 12 11 12 74 53 54 12 11 12 74 53 54 12 11 12
78 72 69 71 58 49 78 72 69 71 58 49 78 72 69 71 58 49 78 72 69 71 58 49 78 72 69 71 58 49 78 72 69 71 58 49
74 67 56 49 46 50 74 67 56 49 46 50 74 67 56 49 46 50 74 67 56 49 46 50 74 67 56 49 46 50 74 67 56 49 46 50
69 53 44 37 38 38 69 53 44 37 38 38 69 53 44 37 38 38 69 53 44 37 38 38 69 53 44 37 38 38 69 53 44 37 38 38
64 58 55 22 31 24 64 58 55 22 31 24 64 58 55 22 31 24 64 58 55 22 31 24 64 58 55 22 31 24 64 58 55 22 31 24
68 51 47 21 16 19 68 51 47 21 16 19 68 51 47 21 16 19 68 51 47 21 16 19 68 51 47 21 16 19 68 51 47 21 16 19
74 53 54 12 11 12 74 53 54 12 11 12 74 53 54 12 11 12 74 53 54 12 11 12 74 53 54 12 11 12 74 53 54 12 11 12
78 72 69 71 58 49 78 72 69 71 58 49 78 72 69 71 58 49 78 72 69 71 58 49 78 72 69 71 58 49 78 72 69 71 58 49
74 67 56 49 46 50 74 67 56 49 46 50 74 67 56 49 46 50 74 67 56 49 46 50 74 67 56 49 46 50 74 67 56 49 46 50
69 53 44 37 38 38 69 53 44 37 38 38 69 53 44 37 38 38 69 53 44 37 38 38 69 53 44 37 38 38 69 53 44 37 38 38
64 58 55 22 31 24 64 58 55 22 31 24 64 58 55 22 31 24 64 58 55 22 31 24 64 58 55 22 31 24 64 58 55 22 31 24
68 51 47 21 16 19 68 51 47 21 16 19 68 51 47 21 16 19 68 51 47 21 16 19 68 51 47 21 16 19 68 51 47 21 16 19
74 53 54 12 11 12 74 53 54 12 11 12 74 53 54 12 11 12 74 53 54 12 11 12 74 53 54 12 11 12 74 53 54 12 11 12
78 72 69 71 58 49 78 72 69 71 58 49 78 72 69 71 58 49 78 72 69 71 58 49 78 72 69 71 58 49 78 72 69 71 58 49
74 67 56 49 46 50 74 67 56 49 46 50 74 67 56 49 46 50 74 67 56 49 46 50 74 67 56 49 46 50 74 67 56 49 46 50
69 53 44 37 38 38 69 53 44 37 38 38 69 53 44 37 38 38 69 53 44 37 38 38 69 53 44 37 38 38 69 53 44 37 38 38
64 58 55 22 31 24 64 58 55 22 31 24 64 58 55 22 31 24 64 58 55 22 31 24 64 58 55 22 31 24 64 58 55 22 31 24
68 51 47 21 16 19 68 51 47 21 16 19 68 51 47 21 16 19 68 51 47 21 16 19 68 51 47 21 16 19 68 51 47 21 16 19
74 53 54 12 11 12 74 53 54 12 11 12 74 53 54 12 11 12 74 53 54 12 11 12 74 53 54 12 11 12 74 53 54 12 11 12
78 72 69 71 58 49 78 72 69 71 58 49 78 72 69 71 58 49 78 72 69 71 58 49 78 72 69 71 58 49 78 72 69 71 58 49
74 67 56 49 46 50 74 67 56 49 46 50 74 67 56 49 46 50 74 67 56 49 46 50 74 67 56 49 46 50 74 67 56 49 46 50
69 53 44 37 38 38 69 53 44 37 38 38 69 53 44 37 38 38 69 53 44 37 38 38 69 53 44 37 38 38 69 53 44 37 38 38
64 58 55 22 31 24 64 58 55 22 31 24 64 58 55 22 31 24 64 58 55 22 31 24 64 58 55 22 31 24 64 58 55 22 31 24
68 51 47 21 16 19 68 51 47 21 16 19 68 51 47 21 16 19 68 51 47 21 16 19 68 51 47 21 16 19 68 51 47 21 16 19
74 53 54 12 11 12 74 53 54 12 11 12 74 53 54 12 11 12 74 53 54 12 11 12 74 53 54 12 11 12 74 53 54 12 11 12